1.1
1.2
1.3
1.4
10.1
10.2
10.3
100.1
100.2
100.3
101.1
101.2
101.3
102.1
102.2
102.3
103.1
104.1
104.2
104.3
105.1
105.2
105.3
107.1
107.2
107.3
108.1
108.2
108.3
109.1
110.1
110.2
110.3
110.4
111.1
112.1
112.2
113.1
114.1
114.2
114.3
115.1
115.2
116.1
116.2
116.3
116.4
116.5
117.1
118.1
118.2
118.3
118.4
118.5
118.6
119.1
120.1
120.2
120.3
121.1
121.2
121.3
123.1
123.2
123.3
125.1
125.2
125.3
125.4
125.5
125.6
126.1
127.1
127.2
127.3
129.1
129.2
129.3
129.4
129.5
129.6
13.1
130.1
131.1
131.2
131.3
132.1
132.2
132.3
133.1
133.2
133.3
134.1
134.2
134.3
134.4
134.5
134.6
136.1
137.1
138.1
139.1
139.2
139.3
14.1
14.2
14.3
14.4
14.5
14.6
140.1
141.1
141.2
141.3
141.4
141.5
141.6
143.1
143.2
143.3
145.1
145.2
145.3
145.4
145.5
145.6
146.1
146.2
146.3
147.1
149.1
149.2
149.3
149.4
149.5
149.6
149.7
15.1
15.2
15.3
151.1
151.2
151.3
151.4
151.5
151.6
152.1
152.2
152.3
152.4
153.1
154.1
154.2
154.3
156.1
156.2
156.3
156.4
156.5
157.1
158.1
158.2
158.3
158.4
158.5
159.1
159.2
16.1
16.2
16.3
160.1
161.1
161.2
161.3
162.1
164.1
164.2
164.3
164.4
165.1
165.2
165.3
166.1
166.10
166.2
166.3
166.4
166.5
166.6
166.7
166.8
166.9
167.1
168.1
168.2
168.3
17.1
17.2
17.3
170.1
170.2
170.3
170.4
170.5
170.6
171.1
171.2
171.3
172.1
173.1
173.2
173.3
173.4
174.1
175.1
175.2
175.3
175.4
175.5
177.1
177.2
177.3
178.1
179.1
179.2
18.1
18.2
180.1
180.2
180.3
180.4
180.5
182.1
182.2
182.3
182.4
182.5
183.1
184.1
184.2
184.3
186.1
186.2
186.3
187.1
188.1
188.2
188.3
189.1
19.1
19.2
19.3
191.1
191.2
191.3
191.4
191.5
191.6
192.1
193.1
193.2
193.3
193.4
193.5
194.1
195.1
195.2
195.3
196.1
196.2
196.3
197.1
198.1
199.1
199.2
2.1
2.2
2.3
2.4
2.5
20.1
20.2
20.3
201.1
201.2
201.3
201.4
201.5
201.6
201.7
202.1
203.1
204.1
204.2
206.1
206.2
206.3
207.1
207.2
207.3
208.1
21.1
211.1
211.2
212.1
212.2
212.3
212.4
212.5
212.6
213.1
214.1
214.2
214.3
214.4
214.5
215.1
217.1
217.2
217.3
218.1
219.1
22.1
220.1
221.1
221.2
221.3
221.4
221.5
222.1
222.2
222.3
222.4
223.1
223.2
225.1
225.2
225.3
226.1
228.1
228.2
228.3
228.4
228.5
229.1
23.1
23.2
23.3
230.1
230.2
230.3
230.4
231.1
231.2
233.1
233.2
234.1
234.2
235.1
235.2
237.1
237.2
237.3
238.1
238.2
238.3
238.4
238.5
239.1
24.1
24.2
24.3
240.1
240.2
240.3
240.4
240.5
240.6
240.7
240.8
240.9
241.1
243.1
243.2
243.3
243.4
243.5
244.1
244.2
245.1
245.2
247.1
247.2
247.3
248.1
249.1
249.2
249.3
25.1
250.1
250.2
250.3
251.1
251.2
251.3
252.1
252.2
253.1
255.1
255.2
255.3
255.4
255.5
255.6
255.7
256.1
257.1
257.2
257.3
259.1
259.2
259.3
259.4
26.1
260.1
261.1
261.2
261.3
261.4
261.5
262.1
263.1
265.1
265.2
265.3
265.4
265.5
266.1
266.2
266.3
266.4
266.5
266.6
267.1
268.1
268.2
268.3
268.4
268.5
268.6
269.1
27.1
27.2
27.3
270.1
270.2
271.1
271.2
272.1
273.1
273.2
273.3
274.1
275.1
276.1
276.2
277.1
277.2
277.3
277.4
278.1
279.1
279.2
279.3
28.1
28.2
28.3
280.1
282.1
282.2
282.3
283.1
284.1
284.2
284.3
285.1
286.1
286.2
286.3
288.1
288.2
288.3
289.1
289.2
29.1
29.2
29.3
290.1
291.1
292.1
292.2
292.3
294.1
294.2
294.3
294.4
294.5
295.1
295.2
295.3
295.4
296.1
297.1
298.1
298.2
298.3
299.1
3.1
3.2
3.3
30.1
302.1
302.2
302.3
302.4
302.5
302.6
302.7
302.8
302.9
303.1
303.2
304.1
304.2
304.3
305.1
305.2
305.3
305.4
305.5
307.1
307.2
307.3
307.4
307.5
307.6
307.7
307.8
309.1
309.2
309.3
31.1
31.2
310.1
312.1
312.2
312.3
312.4
312.5
312.6
313.1
313.2
313.3
313.4
313.5
314.1
315.1
316.1
316.2
316.3
316.4
316.5
317.1
317.10
317.2
317.3
317.4
317.5
317.6
317.7
317.8
317.9
318.1
318.2
318.3
318.4
319.1
319.2
319.3
32.1
320.1
320.2
321.1
321.2
322.1
322.10
322.2
322.3
322.4
322.5
322.6
322.7
322.8
322.9
324.1
324.2
324.3
324.4
324.5
325.1
325.2
325.3
325.4
325.5
326.1
329.1
33.1
33.2
33.3
33.4
330.1
330.2
330.3
330.4
330.5
331.1
331.2
331.3
332.1
332.2
332.3
332.4
332.5
332.6
333.1
335.1
335.2
335.3
335.4
335.5
335.6
336.1
337.1
337.2
337.3
338.1
338.2
338.3
339.1
34.1
34.2
341.1
341.2
341.3
341.4
341.5
341.6
342.1
343.1
343.2
345.1
345.2
345.3
345.4
345.5
345.6
346.1
346.2
346.3
346.4
346.5
348.1
348.2
349.1
349.2
350.1
351.1
351.2
351.3
352.1
353.1
354.1
355.1
356.1
358.1
359.1
36.1
36.2
36.3
36.4
36.5
36.6
36.7
36.8
36.9
360.1
360.2
360.3
360.4
360.5
360.6
360.7
360.8
360.9
361.1
361.2
361.3
361.4
362.1
363.1
365.1
365.2
365.3
365.4
365.5
365.6
366.1
366.2
366.3
366.4
366.5
366.6
366.7
367.1
367.2
368.1
368.2
368.3
368.4
368.5
368.6
369.1
369.2
369.3
369.4
369.5
369.6
37.1
37.2
37.3
370.1
370.2
370.3
370.4
371.1
371.2
372.1
373.1
373.2
373.3
373.4
373.5
373.6
376.1
377.1
378.1
379.1
38.1
38.2
38.3
380.1
381.1
382.1
383.1
384.1
385.1
385.2
385.3
385.4
386.1
386.2
387.1
39.1
4.1
40.1
41.1
41.2
41.3
42.1
42.2
42.3
42.4
42.5
43.1
43.2
45.1
45.2
45.3
46.1
47.1
47.2
47.3
48.1
49.1
49.2
49.3
49.4
49.5
5.1
5.2
5.3
50.1
50.2
51.1
51.2
51.3
53.1
53.2
53.3
53.4
53.5
53.6
54.1
55.1
55.2
55.3
56.1
57.1
57.2
57.3
59.1
59.2
59.3
61.1
61.2
61.3
62.1
63.1
63.2
63.3
64.1
65.1
65.2
65.3
66.1
67.1
68.1
69.1
69.2
69.3
7.1
7.2
70.1
70.2
70.3
71.1
71.2
71.3
72.1
72.2
72.3
73.1
73.2
74.1
74.2
75.1
75.2
75.3
75.4
77.1
77.2
78.1
79.1
79.2
79.3
8.1
8.2
80.1
81.1
81.2
82.1
82.2
83.1
83.2
83.3
83.4
83.5
83.6
83.7
83.8
83.9
84.1
84.2
85.1
87.1
87.2
87.3
87.4
87.5
87.6
87.7
9.1
90.1
90.2
90.3
90.4
90.5
90.6
90.7
91.1
91.2
91.3
92.1
95.1
95.2
95.3
96.1
99.1
99.2
99.3
99.4
99.5