1.1
10.1
100.1
101.1
102.1
103.1
104.1
105.1
106.1
106.2
107.1
108.1
109.1
11.1
110.1
111.1
112.1
113.1
114.1
115.1
116.1
117.1
118.1
119.1
12.1
120.1
121.1
122.1
123.1
124.1
125.1
126.1
128.1
129.1
13.1
130.1
131.1
132.1
133.1
134.1
135.1
138.1
139.1
139.2
14.1
140.1
141.1
142.1
143.1
145.1
145.2
146.1
147.1
148.1
148.2
148.3
149.1
15.1
150.1
151.1
152.1
153.1
154.1
155.1
157.1
158.1
158.2
159.1
159.2
159.3
159.4
159.5
16.1
160.1
160.2
161.1
162.1
163.1
163.2
163.3
163.4
163.5
164.1
165.1
165.2
165.3
165.4
165.5
166.1
166.2
166.3
166.4
166.5
166.6
167.1
168.1
168.2
168.3
169.1
169.2
169.3
17.1
170.1
171.1
172.1
173.1
173.2
173.3
174.1
174.2
175.1
176.1
177.1
177.2
178.1
178.2
179.1
179.2
179.3
18.1
180.1
181.1
182.1
182.2
183.1
184.1
185.1
186.1
186.2
187.1
187.2
187.3
188.1
188.2
189.1
19.1
190.1
191.1
192.1
193.1
193.2
193.3
194.1
195.1
195.2
196.1
196.2
197.1
198.1
199.1
2.1
20.1
200.1
201.1
205.1
205.2
206.1
207.1
208.1
209.1
21.1
210.1
211.1
212.1
213.1
214.1
215.1
216.1
217.1
218.1
219.1
22.1
220.1
221.1
221.2
222.1
223.1
225.1
225.2
226.1
226.2
226.3
226.4
227.1
228.1
228.2
229.1
229.2
23.1
23.2
230.1
230.2
231.1
231.2
231.3
232.1
232.2
232.3
233.1
234.1
235.1
236.1
236.2
236.3
237.1
237.2
237.3
238.1
238.2
238.3
238.4
239.1
24.1
240.1
241.1
245.1
246.1
246.2
247.1
247.2
247.3
247.4
247.5
247.6
247.7
248.1
248.10
248.11
248.12
248.13
248.14
248.15
248.16
248.17
248.18
248.19
248.2
248.20
248.21
248.3
248.4
248.5
248.6
248.7
248.8
248.9
249.1
25.1
250.1
250.2
251.1
251.10
251.11
251.12
251.13
251.14
251.15
251.16
251.17
251.18
251.19
251.2
251.20
251.21
251.3
251.4
251.5
251.6
251.7
251.8
251.9
252.1
253.1
253.2
253.3
254.1
254.2
255.1
256.1
257.1
258.1
26.1
27.1
28.1
29.1
3.1
30.1
31.1
32.1
33.1
34.1
34.2
35.1
36.1
37.1
38.1
39.1
4.1
40.1
41.1
42.1
43.1
44.1
45.1
45.2
45.3
47.1
48.1
49.1
5.1
51.1
52.1
53.1
55.1
55.2
56.1
57.1
58.1
59.1
6.1
60.1
61.1
61.2
62.1
63.1
64.1
65.1
65.2
66.1
67.1
68.1
69.1
69.2
7.1
70.1
71.1
72.1
73.1
74.1
75.1
76.1
77.1
78.1
79.1
8.1
80.1
81.1
82.1
83.1
84.1
85.1
86.1
87.1
88.1
89.1
9.1
90.1
91.1
92.1
93.1
93.2
94.1
95.1
96.1
96.2
96.3
97.1
98.1
99.1