1.1
10.1
100.1
101.1
101.2
104.1
104.2
104.3
104.4
104.5
104.6
105.1
106.1
106.2
106.3
107.1
107.2
108.1
109.1
109.2
11.1
110.1
110.2
111.1
113.1
115.1
115.2
115.3
116.1
118.1
118.2
118.3
119.1
12.1
120.1
121.1
122.1
123.1
124.1
125.1
126.1
127.1
128.1
129.1
129.2
129.3
13.1
130.1
131.1
135.1
135.2
135.3
135.4
135.5
135.6
136.1
137.1
138.1
139.1
14.1
140.1
140.2
141.1
142.1
143.1
144.1
145.1
146.1
147.1
149.1
15.1
150.1
151.1
152.1
152.2
153.1
154.1
155.1
156.1
157.1
158.1
159.1
16.1
16.2
160.1
160.2
160.3
160.4
161.1
164.1
164.2
164.3
164.4
164.5
164.6
164.7
165.1
168.1
168.10
168.11
168.12
168.13
168.14
168.15
168.2
168.3
168.4
168.5
168.6
168.7
168.8
168.9
169.1
17.1
17.2
17.3
170.1
170.10
170.11
170.12
170.13
170.2
170.3
170.4
170.5
170.6
170.7
170.8
170.9
171.1
171.2
172.1
173.1
174.1
175.1
175.2
176.1
177.1
179.1
179.2
18.1
180.1
181.1
181.2
182.1
183.1
184.1
185.1
186.1
187.1
187.2
188.1
189.1
19.1
190.1
191.1
192.1
192.2
195.1
195.2
195.3
195.4
195.5
196.1
197.1
197.2
199.1
199.2
2.1
20.1
202.1
202.2
202.3
202.4
202.5
202.6
202.7
203.1
203.2
204.1
204.2
204.3
204.4
205.1
206.1
207.1
207.2
207.3
208.1
209.1
209.2
211.1
211.2
212.1
213.1
217.1
217.10
217.11
217.12
217.13
217.14
217.15
217.16
217.17
217.18
217.19
217.2
217.20
217.21
217.3
217.4
217.5
217.6
217.7
217.8
217.9
218.1
218.10
218.2
218.3
218.4
218.5
218.6
218.7
218.8
218.9
219.1
219.10
219.11
219.2
219.3
219.4
219.5
219.6
219.7
219.8
219.9
22.1
220.1
220.10
220.11
220.2
220.3
220.4
220.5
220.6
220.7
220.8
220.9
221.1
221.2
221.3
222.1
222.2
222.3
222.4
222.5
222.6
222.7
223.1
224.1
225.1
225.2
225.3
225.4
225.5
225.6
225.7
226.1
227.1
228.1
228.2
228.3
228.4
228.5
229.1
229.2
23.1
23.2
230.1
231.1
232.1
232.2
232.3
232.4
232.5
233.1
233.2
233.3
234.1
234.2
24.1
24.2
25.1
26.1
27.1
28.1
29.1
3.1
30.1
31.1
32.1
33.1
34.1
38.1
39.1
4.1
4.2
40.1
40.2
41.1
41.2
41.3
42.1
42.2
43.1
44.1
44.2
44.3
45.1
46.1
47.1
48.1
49.1
5.1
50.1
51.1
51.2
52.1
52.2
53.1
54.1
55.1
57.1
57.2
59.1
6.1
60.1
60.2
61.1
62.1
63.1
64.1
66.1
67.1
68.1
69.1
7.1
70.1
71.1
72.1
73.1
74.1
75.1
76.1
77.1
77.2
79.1
80.1
80.2
81.1
81.2
82.1
83.1
84.1
87.1
88.1
89.1
9.1
9.2
90.1
91.1
92.1
93.1
95.1
95.2
96.1
97.1
97.2
98.1
99.1
99.2