1.1
10.1
100.1
101.1
102.1
103.1
103.2
104.1
105.1
106.1
106.2
107.1
108.1
108.2
109.1
11.1
11.2
11.3
111.1
111.2
111.3
111.4
112.1
113.1
114.1
115.1
117.1
117.2
119.1
119.2
119.3
120.1
120.2
120.3
121.1
121.2
122.1
123.1
125.1
125.2
126.1
126.2
127.1
127.2
129.1
129.2
129.3
13.1
13.2
13.3
13.4
130.1
131.1
131.2
132.1
132.2
133.1
133.2
134.1
135.1
135.2
136.1
136.2
137.1
138.1
138.2
139.1
139.2
14.1
142.1
142.2
142.3
143.1
144.1
144.2
145.1
146.1
147.1
147.2
148.1
148.2
149.1
15.1
15.2
151.1
151.10
151.11
151.12
151.2
151.3
151.4
151.5
151.6
151.7
151.8
151.9
152.1
153.1
154.1
154.2
155.1
156.1
156.2
158.1
159.1
159.2
16.1
16.2
16.3
160.1
160.2
161.1
162.1
162.2
163.1
163.2
163.3
163.4
163.5
163.6
163.7
164.1
164.2
164.3
164.4
164.5
164.6
164.7
165.1
165.2
166.1
167.1
167.2
168.1
168.2
168.3
168.4
168.5
169.1
170.1
171.1
172.1
172.2
172.3
173.1
173.2
175.1
175.2
176.1
176.2
177.1
179.1
179.10
179.11
179.12
179.13
179.14
179.15
179.2
179.3
179.4
179.5
179.6
179.7
179.8
179.9
18.1
18.2
18.3
180.1
180.2
182.1
182.2
184.1
184.2
186.1
186.2
186.3
187.1
187.2
187.3
187.4
187.5
188.1
188.2
189.1
189.2
19.1
190.1
190.2
190.3
191.1
191.2
192.1
192.2
192.3
194.1
194.2
196.1
197.1
198.1
198.2
2.1
2.2
20.1
200.1
200.2
200.3
201.1
201.2
201.3
202.1
203.1
204.1
204.2
204.3
205.1
206.1
206.2
207.1
208.1
208.2
208.3
209.1
209.2
209.3
209.4
21.1
21.2
210.1
210.2
211.1
212.1
213.1
214.1
215.1
217.1
217.2
217.3
218.1
219.1
219.2
219.3
22.1
22.2
220.1
220.2
220.3
221.1
221.2
222.1
223.1
224.1
224.2
224.3
225.1
226.1
226.2
227.1
227.2
228.1
228.2
229.1
23.1
23.2
230.1
230.2
230.3
230.4
230.5
230.6
231.1
231.2
231.3
231.4
231.5
231.6
233.1
233.2
233.3
234.1
235.1
235.2
235.3
235.4
235.5
235.6
236.1
236.2
237.1
238.1
24.1
240.1
240.2
241.1
242.1
243.1
243.2
244.1
245.1
245.2
246.1
246.2
247.1
247.2
248.1
248.2
248.3
248.4
248.5
249.1
25.1
25.2
250.1
252.1
252.2
252.3
252.4
253.1
253.2
254.1
254.2
255.1
255.2
256.1
257.1
257.2
259.1
259.2
26.1
26.2
260.1
260.2
261.1
263.1
264.1
264.2
264.3
265.1
266.1
266.2
267.1
268.1
27.1
27.2
270.1
272.1
272.2
274.1
274.2
275.1
276.1
277.1
278.1
278.2
278.3
28.1
28.2
280.1
280.2
281.1
281.2
284.1
284.2
284.3
284.4
284.5
286.1
286.2
288.1
289.1
289.2
29.1
290.1
291.1
292.1
293.1
293.2
294.1
295.1
295.2
296.1
296.2
297.1
299.1
299.2
299.3
3.1
3.2
30.1
300.1
300.2
300.3
301.1
302.1
304.1
305.1
305.10
305.2
305.3
305.4
305.5
305.6
305.7
305.8
305.9
307.1
307.2
307.3
307.4
308.1
308.2
31.1
31.2
310.1
310.2
311.1
312.1
312.2
314.1
314.2
314.3
314.4
314.5
314.6
315.1
315.2
316.1
317.1
317.2
318.1
319.1
32.1
320.1
322.1
322.2
323.1
323.2
323.3
323.4
323.5
323.6
323.7
323.8
324.1
325.1
327.1
328.1
328.2
328.3
329.1
33.1
330.1
331.1
332.1
333.1
333.2
333.3
333.4
333.5
333.6
333.7
334.1
334.2
334.3
335.1
335.10
335.11
335.2
335.3
335.4
335.5
335.6
335.7
335.8
335.9
336.1
336.2
336.3
337.1
337.2
337.3
337.4
337.5
337.6
339.1
339.2
339.3
34.1
34.2
340.1
340.2
341.1
341.2
342.1
342.2
343.1
345.1
345.2
345.3
348.1
348.2
348.3
348.4
348.5
348.6
348.7
348.8
349.1
349.2
349.3
350.1
350.2
350.3
351.1
352.1
353.1
354.1
355.1
357.1
357.2
357.3
357.4
357.5
357.6
358.1
358.2
358.3
359.1
359.2
36.1
36.2
360.1
361.1
361.2
363.1
363.2
364.1
364.2
365.1
365.2
366.1
368.1
37.1
370.1
370.2
370.3
371.1
371.2
371.3
372.1
373.1
374.1
375.1
375.2
375.3
375.4
376.1
377.1
379.1
379.2
38.1
38.2
380.1
380.2
381.1
381.2
382.1
382.2
382.3
383.1
383.2
383.3
384.1
384.2
386.1
387.1
388.1
388.2
388.3
389.1
389.2
389.3
39.1
39.2
391.1
391.2
393.1
393.2
393.3
393.4
393.5
393.6
393.7
394.1
395.1
395.2
395.3
395.4
396.1
396.2
396.3
396.4
397.1
399.1
4.1
4.2
40.1
40.2
40.3
400.1
400.2
401.1
402.1
403.1
404.1
405.1
406.1
406.2
407.1
408.1
409.1
409.10
409.11
409.12
409.2
409.3
409.4
409.5
409.6
409.7
409.8
409.9
41.1
41.2
410.1
411.1
412.1
412.10
412.11
412.12
412.13
412.14
412.15
412.16
412.17
412.18
412.19
412.2
412.20
412.21
412.22
412.23
412.24
412.25
412.26
412.27
412.28
412.29
412.3
412.30
412.31
412.32
412.33
412.34
412.35
412.36
412.37
412.38
412.39
412.4
412.40
412.41
412.42
412.43
412.44
412.45
412.46
412.47
412.48
412.49
412.5
412.50
412.51
412.52
412.53
412.54
412.55
412.6
412.7
412.8
412.9
414.1
414.2
414.3
414.4
414.5
414.6
417.1
417.2
417.3
417.4
417.5
418.1
420.1
420.2
420.3
420.4
421.1
421.2
422.1
422.2
423.1
424.1
424.2
427.1
427.2
427.3
428.1
428.2
43.1
430.1
433.1
433.2
433.3
433.4
433.5
434.1
434.2
435.1
435.2
436.1
437.1
438.1
438.2
438.3
439.1
439.2
44.1
44.2
440.1
441.1
441.2
442.1
442.2
443.1
45.1
46.1
46.2
47.1
48.1
49.1
5.1
5.2
50.1
50.2
51.1
52.1
52.2
53.1
53.2
54.1
55.1
55.2
55.3
57.1
58.1
59.1
6.1
6.2
60.1
61.1
62.1
63.1
63.2
64.1
65.1
66.1
67.1
67.2
68.1
68.2
68.3
68.4
69.1
7.1
70.1
70.2
71.1
71.2
72.1
72.2
73.1
73.2
73.3
74.1
75.1
75.2
76.1
76.2
77.1
77.2
77.3
77.4
78.1
78.2
78.3
79.1
8.1
8.2
80.1
81.1
82.1
83.1
84.1
84.2
84.3
85.1
86.1
87.1
87.2
88.1
88.2
89.1
9.1
9.2
90.1
90.2
91.1
91.2
92.1
92.2
93.1
93.2
95.1
96.1
96.2
97.1
98.1
99.1
99.2